[gd_scene load_steps=8 format=2]

[ext_resource path="res://Spatial.gd" type="Script" id=1]
[ext_resource path="res://Camerahub.gd" type="Script" id=2]
[ext_resource path="res://BlockLarge.tscn" type="PackedScene" id=3]
[ext_resource path="res://Character.tscn" type="PackedScene" id=4]

[sub_resource type="SpatialMaterial" id=1]
albedo_color = Color( 0.392157, 0.482353, 0.117647, 1 )

[sub_resource type="PlaneMesh" id=2]
material = SubResource( 1 )
size = Vector2( 20, 30 )

[sub_resource type="ConvexPolygonShape" id=3]
points = PoolVector3Array( 5, 0, 5, -5, 0, 5, 5, 0, -5, -5, 0, -5 )

[node name="Spatial" type="Spatial"]
script = ExtResource( 1 )

[node name="Ground" type="StaticBody" parent="."]

[node name="MeshInstance" type="MeshInstance" parent="Ground"]
mesh = SubResource( 2 )
material/0 = null

[node name="CollisionShape" type="CollisionShape" parent="Ground"]
transform = Transform( 5, 0, 0, 0, 1, 0, 0, 0, 5, 0, 0, 0 )
shape = SubResource( 3 )

[node name="Camerahub" type="Spatial" parent="."]
script = ExtResource( 2 )

[node name="Camera" type="Camera" parent="Camerahub"]
transform = Transform( 1, 0, 0, 0, 0.888431, 0.459011, 0, -0.459011, 0.888431, 0, 5.91961, 13.2667 )
current = true

[node name="DirectionalLight" type="DirectionalLight" parent="."]
transform = Transform( 1, 0, 0, 0, -0.586994, 0.809591, 0, -0.809591, -0.586994, 0, 4.08178, 0 )

[node name="BlockLarge" parent="." instance=ExtResource( 3 )]

[node name="BlockLarge2" parent="." instance=ExtResource( 3 )]
transform = Transform( 1, 0, 0, 0, 1, 0, 0, 0, 1, 0, 0, 2 )

[node name="BlockLarge3" parent="." instance=ExtResource( 3 )]
transform = Transform( 1, 0, 0, 0, 0.906308, 0.422618, 0, -0.422618, 0.906308, 0, 0.842983, 4 )

[node name="BlockLarge4" parent="." instance=ExtResource( 3 )]
transform = Transform( 1, 0, 0, 0, 0.906308, 0.422618, 0, -0.422618, 0.906308, 0, 1.57631, 5.5 )

[node name="BlockLarge5" parent="." instance=ExtResource( 3 )]
transform = Transform( 0.998605, -0.0223173, 0.0478597, 0.021095, 0.999442, 0.0258957, -0.0484109, -0.02485, 0.998518, -4.51852, 0.635957, 5.5 )

[node name="BlockLarge6" parent="." instance=ExtResource( 3 )]
transform = Transform( 0.998605, -0.0223173, 0.0478597, 0.021095, 0.999442, 0.0258957, -0.0484109, -0.02485, 0.998518, -2.49714, 0.635957, 5.5 )

[node name="BlockLarge7" parent="." instance=ExtResource( 3 )]
transform = Transform( 0.998605, -0.0223173, 0.0478597, 0.00483182, 0.941121, 0.338035, -0.0525858, -0.337332, 0.939916, -4.72704, 0.51097, 3.73431 )

[node name="BlockLarge8" parent="." instance=ExtResource( 3 )]
transform = Transform( 0.998605, -0.0223173, 0.0478597, 0.020574, 0.999117, 0.0366153, -0.0486346, -0.0355796, 0.998183, -4.72704, -0.238403, 1.57309 )

[node name="Character" parent="." instance=ExtResource( 4 )]
transform = Transform( 1, 0, 0, 0, 1, 0, 0, 0, 1, 0, 2.76366, 0 )
